1.373624 -1.124196 25.146362
-0.535198 0.276043 0.382720
-0.234182 -0.868731 8.057590
-0.317241 -0.558993 6.053274
-1.034746 0.870627 -6.692732
-1.701613 0.225429 -11.002816
-0.793889 -0.029855 -0.741868
-1.754968 -0.809739 -7.241075
1.338720 0.817071 17.034851
-0.873607 1.212182 -6.703136
0.926561 0.226223 15.462879
-2.951564 -0.836495 -19.202952
0.498898 -1.016527 16.169611
-0.739792 -0.056064 -0.374059
-1.337641 -0.048470 -6.122972
0.559287 0.281291 11.303207
-0.172459 -0.282144 6.453936
0.210602 -0.632468 11.469101
-0.989214 1.795906 -10.090446
0.290218 3.316394 -3.362312
0.987571 -1.778708 23.827237
-1.662528 0.447688 -11.539617
-0.050031 -0.727305 9.577988
-1.424724 0.323403 -8.400784
-1.248433 0.673876 -8.296207
1.616620 -0.672558 25.871675
1.050658 -0.559038 19.670926
-1.309062 0.862382 -9.548959
-1.269221 -1.153778 -0.968818
-0.495181 0.816217 -1.228576
2.132563 0.493613 26.374139
-0.902839 -0.649135 0.517182
1.887384 -0.178098 26.516398
-1.764104 0.726982 -13.673438
-0.405042 0.098764 2.510929
0.412373 1.529108 5.128495
-0.124208 0.491682 3.862229
-0.026795 1.205153 1.829246
-1.347653 1.124342 -11.189631
0.048941 -1.010874 11.651712
-0.307628 -0.498600 5.960879
0.620713 -0.224401 14.184342
0.881912 1.575751 9.222026
-1.698035 -2.674947 0.784389
-0.654745 0.752200 -2.431452
-0.661664 0.546690 -1.858760
-2.900373 0.424444 -23.571296
0.262159 1.107075 5.031352
-2.064658 -0.743157 -10.708140
0.726653 -0.663168 16.795707
0.593421 0.806068 9.483234
-0.422716 -0.300152 4.119887
1.603269 -1.411496 28.651545
0.483309 -0.084331 12.054350
-0.346039 1.616946 -2.837212
-1.671169 -0.251992 -8.761487
-0.168578 -0.370312 6.623755
0.407988 -1.635429 17.523538
1.068711 -0.959374 21.555190
-0.295985 -0.269271 5.235708
0.110631 2.221195 -0.781467
0.569467 -0.038195 12.667198
-0.471616 0.656881 -0.348887
0.482765 1.753376 4.917987
-1.982897 0.344452 -14.131933
0.943017 -2.184439 25.199599
0.540926 -0.675325 15.134710
-1.540499 1.506735 -14.547017
-0.024745 0.121861 6.303353
0.285216 -2.593127 20.432162
-0.471564 0.232902 1.511234
-0.735383 -0.073931 0.007528
0.104673 -0.939217 11.667056
0.215842 -0.391699 10.818988
0.124586 2.057548 -0.186508
-0.248891 2.294876 -4.864183
0.293936 0.554636 7.738229
-0.880591 -0.129109 -1.394294
-0.733574 0.063013 -0.565846
-0.478080 -0.053683 2.417869
0.175545 -1.011309 12.918250
0.067609 -0.893829 11.296664
0.884465 -2.020393 23.937403
-0.720625 -0.338155 1.055125
0.618673 -1.515698 19.094261
-2.555078 0.250804 -19.596286
1.297590 -0.675256 22.684062
-0.080232 0.812108 2.842886
-0.783269 1.380709 -6.360869
0.468378 1.917343 3.963082
1.511941 -1.689404 28.904343
2.215167 -0.917146 32.702867
-0.306279 -1.990750 11.954762
0.697172 0.385814 12.436570
0.585154 -0.654781 15.364379
1.155331 0.344284 16.903103
0.264299 -0.681357 12.411818
-1.341448 -0.120134 -5.940368
1.178974 -0.693482 21.555591
-0.694064 0.183146 -0.780480
